7.5057 27.3559
7.1946 27.159
6.8898 26.9304
6.585 26.7018
6.3564 26.4732
6.1659 26.2065
5.9373 25.9779
5.823 25.8255
5.5944 25.5207
5.4039 25.254
5.0991 24.873
4.9086 24.4539
4.7943 24.2253
4.5657 23.8062
4.5276 23.4252
4.6419 22.968
4.7181 22.5108
4.8324 22.0917
5.1372 21.5583
5.442 21.1011
5.7087 20.7201
6.3564 20.4153
7.0041 20.4915
7.3851 20.6058
7.8423 20.8344
8.3757 21.2535
8.5662 21.6726
8.5662 22.0917
8.5662 22.587
8.49 22.968
8.4519 23.3871
8.3757 23.8062
8.1471 24.2634
8.0709 24.6444
8.0328 25.1778
7.9566 25.4826
7.9566 25.9398
7.8804 26.5113
7.8042 26.9304
7.6137 27.2352
