0.6533 3.72
0.69 3.5767
0.7633 3.49
0.8833 3.3033
0.9967 3.1167
1.1433 2.9967
1.25 2.8767
1.3433 2.7833
1.4567 2.6833
1.6433 2.5433
1.8967 2.4433
2.1233 2.41
2.3233 2.4033
2.5367 2.4167
2.73 2.45
2.8967 2.5033
3.0767 2.5967
3.2433 2.7167
3.37 2.8967
3.43 3.0633
3.4433 3.2167
3.4367 3.3833
3.3567 3.53
3.3033 3.63
3.1767 3.75
3.03 3.83
2.8967 3.87
2.7567 3.8833
2.61 3.9033
2.47 3.91
2.3167 3.91
2.1633 3.9167
2.0033 3.93
1.83 3.9233
1.6433 3.9167
1.4033 3.9033
1.19 3.8967
0.9833 3.8433
0.7967 3.79
