9.4488 21.2598
8.871 21.1011
8.5662 20.8344
8.2233 20.4915
7.9566 20.3391
7.6137 20.1105
7.347 19.6914
7.0041 19.3104
6.6993 18.8532
6.3564 18.4341
6.204 18.2055
6.0135 17.9388
6.0135 17.6721
6.0135 17.1387
6.0135 16.6053
6.1659 16.11
6.3183 15.6909
6.4707 15.1575
6.7755 14.8908
6.966 14.5098
7.1946 14.2431
7.728 13.9764
8.3757 13.9383
8.9472 14.1288
9.4806 14.4336
9.9378 15.0051
10.2045 15.4242
10.2045 15.8814
10.2045 16.3767
10.0902 16.7958
9.8997 17.253
9.8997 17.8626
9.8235 18.3198
9.8235 18.8913
9.7854 19.4247
9.7092 19.8057
9.6711 20.1867
9.633 20.4153
9.633 20.7963
