18.0594 21.0693
17.7483 20.8725
17.5578 20.682
17.3292 20.4915
17.1387 20.2248
16.9482 19.9962
16.7196 19.5771
16.491 19.2723
16.1862 18.9294
16.0719 18.6246
15.8433 18.396
15.8052 18.0912
15.8814 17.5197
16.0338 17.0625
16.2624 16.6053
16.491 16.1862
16.7958 15.8052
17.253 15.5004
17.5959 15.3861
17.9388 15.2718
18.396 15.4242
18.7389 15.5766
19.158 15.9957
19.3104 16.3005
19.4247 16.7196
19.4628 17.1768
19.4247 17.634
19.3104 18.2055
19.158 18.6246
19.1199 19.158
18.9675 19.6152
18.8151 20.0724
18.6627 20.3391
18.5103 20.6439
18.3579 20.8725
