3.8227 5.3467
3.9772 4.9848
4.1635 4.7816
4.3836 4.4429
4.6884 4.2058
4.9594 3.8841
5.298 3.647
5.552 3.4438
5.7722 3.1898
6.06 3.0205
6.4156 2.9528
6.7882 2.902
7.1607 2.8342
7.6179 2.7157
8.0582 2.6818
8.5492 2.7496
9.0572 2.9358
9.4128 3.156
9.7346 3.5793
9.87 3.9857
9.887 4.3582
9.9547 4.7646
9.87 5.1541
9.633 5.5097
9.3451 5.8484
8.9726 6.1024
8.5662 6.187
8.1598 6.2209
7.8042 6.1193
7.4147 5.9669
6.568 5.7976
6.9406 5.9161
6.077 5.7468
5.7044 5.7298
5.3319 5.7129
4.9424 5.6282
4.5868 5.5605
4.299 5.5436
4.0619 5.4928
