"CCA1"	"CCA2"
0.39046581563679	0.0563553156785493
0.0872177143775882	-0.222347303669641
-0.343779376177748	-0.36560574655108
-0.474279250614491	-0.371281117108412
-0.456243789879083	-0.466603723572614
-0.656264160330642	-0.30131313755517
-0.84941162163524	-0.119605589049462
-0.541693053068506	-0.212119063625115
-0.413062763472631	0.258316051854128
-0.503903922076415	-0.1286482754638
-1.24808927684472	0.231166881351315
-0.698030337219834	-0.110805933146377
0.194959500325242	0.0199700319534614
-0.44685615569287	0.177120696195575
-0.895327741760043	0.0227482126304281
-0.971146969905168	0.0682482604464191
